1	H	H-1	1	99,998	2,52E+10
1	H	H-2	2	0,00197	4,97E+05
2	He	He-3	3	0,0166	4,13E+05
2	He	He-4	4	99,9834	2,49E+09
3	Li	Li-6	6	7,589	4,3
3	Li	Li-7	7	92,411	52,6
4	Be	Be-9	9	100	0,637
5	B	B-10	10	19,827	3,6
5	B	B-11	11	80,173	14,4
6	C	C-12	12	98,965	9,03E+06
6	C	C-13	13	1,035	9,44E+04
7	N	N-14	14	99,774	2,18E+06
7	N	N-15	15	0,226	4,94E+03
8	O	O-16	16	99,777	1,66E+07
8	O	O-17	17	0,035	5,80E+03
8	O	O-18	18	0,188	3,13E+04
9	F	F-19	19	100	1267
10	Ne	Ne-20	20	93,1251	4,07E+06
10	Ne	Ne-21	21	0,2236	9,76E+03
10	Ne	Ne-22	22	6,6513	2,90E+05
11	Na	Na-23	23	100	57800
12	Mg	Mg-24	24	78,992	8,10E+05
12	Mg	Mg-25	25	10,003	1,03E+05
12	Mg	Mg-26	26	11,005	1,13E+05
13	Al	Al-27	27	100	8,18E+04
14	Si	Si-28	28	92,23	9,22E+05
14	Si	Si-29	29	4,683	4,68E+04
14	Si	Si-30	30	3,087	3,09E+04
15	P	P-31	31	100	8260
16	S	S-32	32	95,04074	415600
16	S	S-33	33	0,74869	3270
16	S	S-34	34	4,19599	18300
16	S	S-36	36	0,01458	64
17	Cl	Cl-35	35	75,7647	4010
17	Cl	Cl-37	37	24,2353	1280
18	Ar	Ar-36	36	84,298	82400
18	Ar	Ar-38	38	15,698	15300
18	Ar	Ar-40	40	0,004	4
19	K	K-39	39	93,132	3360
19	K*	K*-40	40	0,147	5
19	K	K-41	41	6,721	243
20	Ca	Ca-40	40	96,941	55500
20	Ca	Ca-42	42	0,647	370
20	Ca	Ca-43	43	0,135	77
20	Ca	Ca-44	44	2,086	1194
20	Ca	Ca-46	46	0,004	2
20	Ca	Ca-48	48	0,187	107
21	Sc	Sc-45	45	100	33,7
22	Ti	Ti-46	46	8,249	203
22	Ti	Ti-47	47	7,437	183
22	Ti	Ti-48	48	73,72	1810
22	Ti	Ti-49	49	5,409	133
22	Ti	Ti-50	50	5,185	128
23	V	V-50	50	0,2497	0,7
23	V	V-51	51	99,7503	274,5
24	Cr	Cr-50	50	4,3452	571
24	Cr	Cr-52	52	83,7895	11000
24	Cr	Cr-53	53	9,5006	1250
24	Cr	Cr-54	54	2,3647	310
25	Mn	Mn-55	55	100	9090
26	Fe	Fe-54	54	5,845	51000
26	Fe	Fe-56	56	91,754	8,01E+05
26	Fe	Fe-57	57	2,1191	18500
26	Fe	Fe-58	58	0,2819	2460
27	Co	Co-59	59	100	2260
28	Ni	Ni-58	58	68,0769	33100
28	Ni	Ni-60	60	26,2231	12800
28	Ni	Ni-61	61	1,1399	555
28	Ni	Ni-62	62	3,6345	1770
28	Ni	Ni-64	64	0,9256	450
29	Cu	Cu-63	63	69,174	370
29	Cu	Cu-65	65	30,826	165
30	Zn	Zn-64	64	49,1704	620
30	Zn	Zn-66	66	27,7306	349
30	Zn	Zn-67	67	4,0401	51
30	Zn	Zn-68	68	18,4483	233
30	Zn	Zn-70	70	0,6106	8
31	Ga	Ga-69	69	60,108	21,7
31	Ga	Ga-71	71	39,892	14,4
32	Ge	Ge-70	70	20,526	24,7
32	Ge	Ge-72	72	27,446	33
32	Ge	Ge-73	73	7,76	9,3
32	Ge	Ge-74	74	36,523	43,9
32	Ge	Ge-76	76	7,745	9,3
33	As	As-75	75	100	6,07
34	Se	Se-74	74	0,86	0,58
34	Se	Se-76	76	9,22	6,23
34	Se	Se-77	77	7,59	5,13
34	Se	Se-78	78	23,69	16
34	Se	Se-80	80	49,81	33,66
34	Se	Se-82	82	8,83	5,96
35	Br	Br-79	79	50,686	6,26
35	Br	Br-81	81	49,314	6,09
36	Kr	Kr-78	78	0,362	0,19
36	Kr	Kr-80	80	2,326	1,2
36	Kr	Kr-82	82	11,655	5,99
36	Kr	Kr-83	83	11,546	5,94
36	Kr	Kr-84	84	56,903	29,18
36	Kr	Kr-86	86	17,208	8,79
37	Rb	Rb-85	85	70,844	5,08
37	Rb*	Rb*-87	87	29,156	2,091
38	Sr	Sr-84	84	0,5584	0,13
38	Sr	Sr-86	86	9,8708	2,3
38	Sr	Sr-87	87	6,8982	1,61
38	Sr	Sr-88	88	82,6725	19,2
39	Y	Y-89	89	100	4,35
40	Zr	Zr-90	90	51,452	5,621
40	Zr	Zr-91	91	11,223	1,226
40	Zr	Zr-92	92	17,146	1,873
40	Zr	Zr-94	94	17,38	1,899
40	Zr^	Zr^-96	96	2,799	0,306
41	Nb	Nb-93	93	100	0,78
42	Mo	Mo-92	92	14,525	0,38
42	Mo	Mo-94	94	9,151	0,238
42	Mo	Mo-95	95	15,838	0,412
42	Mo	Mo-96	96	16,672	0,433
42	Mo	Mo-97	97	9,599	0,249
42	Mo	Mo-98	98	24,391	0,63
42	Mo^	Mo^-100	100	9,824	0,253
44	Ru	Ru-96	96	5,542	0,1
44	Ru	Ru-98	98	1,869	0,034
44	Ru	Ru-99	99	12,758	0,23
44	Ru	Ru-100	100	12,599	0,228
44	Ru	Ru-101	101	17,06	0,308
44	Ru	Ru-102	102	31,552	0,57
44	Ru	Ru-104	104	18,621	0,336
45	Rh	Rh-103	103	100	0,338
46	Pd	Pd-102	102	1,02	0,0141
46	Pd	Pd-104	104	11,14	0,1536
46	Pd	Pd-105	105	22,33	0,3079
46	Pd	Pd-106	106	27,33	0,377
46	Pd	Pd-108	108	26,46	0,365
46	Pd	Pd-110	110	11,72	0,162
47	Ag	Ag-107	107	51,839	0,258
47	Ag	Ag-109	109	48,161	0,239
48	Cd	Cd-106	106	1,249	0,02
48	Cd	Cd-108	108	0,89	0,014
48	Cd	Cd-110	110	12,485	0,197
48	Cd	Cd-111	111	12,804	0,202
48	Cd	Cd-112	112	24,117	0,381
48	Cd^	Cd^-113	113	12,225	0,193
48	Cd	Cd-114	114	28,729	0,454
48	Cd^	Cd^-116	116	7,501	0,119
49	In	In-113	113	4,281	0,008
49	In^	In^-115	115	95,719	0,171
50	Sn	Sn-112	112	0,971	0,035
50	Sn	Sn-114	114	0,659	0,024
50	Sn	Sn-115	115	0,339	0,012
50	Sn	Sn-116	116	14,536	0,522
50	Sn	Sn-117	117	7,676	0,276
50	Sn	Sn-118	118	24,223	0,87
50	Sn	Sn-119	119	8,585	0,308
50	Sn	Sn-120	120	32,593	1,171
50	Sn	Sn-122	122	4,629	0,166
50	Sn	Sn-124	124	5,789	0,208
51	Sb	Sb-121	121	57,213	0,205
51	Sb	Sb-123	123	42,787	0,154
52	Te	Te-120	120	0,096	0,005
52	Te	Te-122	122	2,603	0,123
52	Te^	Te^-123	123	0,908	0,043
52	Te	Te-124	124	4,816	0,227
52	Te	Te-125	125	7,139	0,337
52	Te	Te-126	126	18,952	0,894
52	Te^	Te^-128	128	31,687	1,494
52	Te^	Te^-130	130	33,799	1,594
53	I	I-127	127	100	1,59
54	Xe^	Xe^-124	124	0,129	0,007
54	Xe	Xe-126	126	0,11	0,006
54	Xe	Xe-128	128	2,22	0,122
54	Xe	Xe-129	129	27,428	1,507
54	Xe	Xe-130	130	4,349	0,239
54	Xe	Xe-131	131	21,763	1,196
54	Xe	Xe-132	132	26,36	1,449
54	Xe	Xe-134	134	9,73	0,535
54	Xe^	Xe^-136	136	7,911	0,435
55	Cs	Cs-133	133	100	0,368
56	Ba^	Ba^-130	130	0,106	0,005
56	Ba	Ba-132	132	0,101	0,005
56	Ba	Ba-134	134	2,417	0,11
56	Ba	Ba-135	135	6,592	0,3
56	Ba	Ba-136	136	7,853	0,357
56	Ba	Ba-137	137	11,232	0,511
56	Ba	Ba-138	138	71,699	3,264
57	La*	La*-138	138	0,092	0
57	La	La-139	139	99,908	0,459
58	Ce	Ce-136	136	0,186	0,002
58	Ce^	Ce^-138	138	0,25	0,003
58	Ce	Ce-140	140	88,45	1,03
58	Ce^	Ce^-142	142	11,114	0,129
59	Pr	Pr-141	141	100	0,175
60	Nd	Nd-142	142	27,045	0,234
60	Nd	Nd-143	143	12,021	0,104
60	Nd^	Nd^-144	144	23,729	0,205
60	Nd	Nd-145	145	8,763	0,076
60	Nd	Nd-146	146	17,13	0,148
60	Nd	Nd-148	148	5,716	0,049
60	Nd^	Nd^-150	150	5,596	0,048
62	Sm	Sm-144	144	3,083	0,008
62	Sm*	Sm*-147	147	15,017	0,042
62	Sm^	Sm^-148	148	11,254	0,031
62	Sm	Sm-149	149	13,83	0,038
62	Sm	Sm-150	150	7,351	0,02
62	Sm	Sm-152	152	26,735	0,073
62	Sm	Sm-154	154	22,73	0,062
63	Eu^	Eu^-151	151	47,81	0,0479
63	Eu	Eu-153	153	52,19	0,0523
64	Gd	Gd-154	154	2,181	0,0075
64	Gd	Gd-155	155	14,8	0,0512
64	Gd	Gd-156	156	20,466	0,0708
64	Gd	Gd-157	157	15,652	0,0542
64	Gd	Gd-158	158	24,835	0,0859
64	Gd	Gd-160	160	21,864	0,0756
65	Tb	Tb-159	159	100	0,0625
66	Dy	Dy-158	158	0,095	0,0004
66	Dy	Dy-160	160	2,329	0,0095
66	Dy	Dy-161	161	18,889	0,0769
66	Dy	Dy-162	162	25,479	0,1038
66	Dy	Dy-163	163	24,895	0,1014
66	Dy	Dy-164	164	28,26	0,1151
67	Ho	Ho-165	165	100	0,0891
68	Er	Er-162	162	0,139	0,0004
68	Er	Er-164	164	1,601	0,0041
68	Er	Er-166	166	33,503	0,086
68	Er	Er-167	167	22,869	0,059
68	Er	Er-168	168	26,978	0,069
68	Er	Er-170	170	14,91	0,038
69	Tm	Tm-169	169	100	0,0403
70	Yb	Yb-168	168	0,12	0,0003
70	Yb	Yb-170	170	2,98	0,0075
70	Yb	Yb-171	171	14,09	0,0356
70	Yb	Yb-172	172	21,69	0,0547
70	Yb	Yb-173	173	16,1	0,0406
70	Yb	Yb-174	174	32,03	0,0808
70	Yb	Yb-176	176	13	0,0328
71	Lu	Lu-175	175	97,1795	0,037
71	Lu*	Lu*-176	176	2,8205	0,0011
72	Hf^	Hf^-174	174	0,161	0,0003
72	Hf	Hf-176	176	5,205	0,0081
72	Hf	Hf-177	177	18,604	0,0289
72	Hf	Hf-178	178	27,297	0,0424
72	Hf	Hf-179	179	13,627	0,0212
72	Hf	Hf-180	180	35,105	0,0545
73	Ta*	Ta*-180	180	0,012	2,60E-06
73	Ta	Ta-181	181	99,988	0,0215
74	W^	W^-180	180	0,12	0,0002
74	W	W-182	182	26,499	0,0381
74	W	W-183	183	14,314	0,0206
74	W	W-184	184	30,642	0,044
74	W	W-186	186	28,426	0,0408
75	Re	Re-185	185	35,662	0,0195
75	Re*	Re*-187	187	64,338	0,0352
76	Os^	Os^-184	184	0,02	0,0001
76	Os^	Os^-186	186	1,597	0,0104
76	Os	Os-187	187	1,298	0,0085
76	Os	Os-188	188	13,325	0,0869
76	Os	Os-189	189	16,252	0,106
76	Os	Os-190	190	26,433	0,172
76	Os	Os-192	192	41,076	0,268
77	Ir	Ir-191	191	37,272	0,236
77	Ir	Ir-193	193	62,728	0,397
78	Pt*	Pt*-190	190	0,013	0,0002
78	Pt	Pt-192	192	0,794	0,01
78	Pt	Pt-194	194	32,808	0,407
78	Pt	Pt-195	195	33,787	0,419
78	Pt	Pt-196	196	25,29	0,314
78	Pt	Pt-198	198	7,308	0,091
79	Au	Au-197	197	100	0,195
80	Hg	Hg-196	196	0,16	0,001
80	Hg	Hg-198	198	10,04	0,038
80	Hg	Hg-199	199	16,94	0,064
80	Hg	Hg-200	200	23,14	0,087
80	Hg	Hg-201	201	13,17	0,049
80	Hg	Hg-202	202	29,74	0,112
80	Hg	Hg-204	204	6,82	0,026
81	Tl	Tl-203	203	29,524	0,053
81	Tl	Tl-205	205	70,476	0,126
82	Pb^	Pb^-204	204	1,997	0,066
82	Pb	Pb-206	206	18,582	0,615
82	Pb	Pb-207	207	20,563	0,68
82	Pb	Pb-208	208	58,858	1,947
83	Bi^	Bi^-209	209	100	0,1414
90	Th*	Th*-232	232	100	0,0421
92	U*	U*-234	234	0,004	9,90E-07
92	U*	U*-235	235	24,302	0,0058
92	U*	U*-238	238	75,694	0,0181